 0.00000E+00  1.99800E+03  0.00000E+00
 0.00000E+00  1.99800E+03  0.00000E+00
 0.00000E+00  2.98000E+02  0.00000E+00
 1.06923E-07  2.98000E+02  0.00000E+00
 4.25607E-07  2.98000E+02  0.00000E+00
 7.38912E-07  2.98000E+02  0.00000E+00
 1.14031E-06  2.98000E+02  0.00000E+00
 1.60900E-06  2.98000E+02  0.00000E+00
 2.07696E-06  2.98000E+02  0.00000E+00
 2.63008E-06  2.98000E+02  0.00000E+00
 3.23767E-06  2.98000E+02  0.00000E+00
 3.89289E-06  2.98000E+02  0.00000E+00
 4.58801E-06  2.98000E+02  0.00000E+00
 5.60825E-06  2.98000E+02  0.00000E+00
 7.03063E-06  2.98000E+02  0.00000E+00
 8.54690E-06  2.98000E+02  0.00000E+00
 1.00885E-05  2.98000E+02  0.00000E+00
 1.17024E-05  2.98000E+02  0.00000E+00
 1.33274E-05  2.98000E+02  0.00000E+00
 1.49828E-05  2.98000E+02  0.00000E+00
 1.66371E-05  2.98000E+02  0.00000E+00
 1.83129E-05  2.98000E+02  0.00000E+00
 2.00024E-05  2.98000E+02  0.00000E+00
 2.17246E-05  2.98000E+02  0.00000E+00
 2.34777E-05  2.98000E+02  0.00000E+00
 2.52773E-05  2.98000E+02  0.00000E+00
 2.71234E-05  2.98000E+02  0.00000E+00
 2.90270E-05  2.98000E+02  0.00000E+00
 3.09919E-05  2.98000E+02  0.00000E+00
 3.30236E-05  2.98000E+02  0.00000E+00
 3.51235E-05  2.98000E+02  0.00000E+00
 3.72949E-05  2.98000E+02  0.00000E+00
 3.95436E-05  2.98000E+02  0.00000E+00
 4.18699E-05  2.98000E+02  0.00000E+00
 4.42736E-05  2.98000E+02  0.00000E+00
 4.67471E-05  2.98000E+02  0.00000E+00
 4.92610E-05  2.98000E+02  0.00000E+00
 5.18150E-05  2.98000E+02  0.00000E+00
 5.43953E-05  2.98000E+02  0.00000E+00
 5.70509E-05  2.98000E+02  0.00000E+00
 5.98321E-05  2.98000E+02  0.00000E+00
 6.27270E-05  2.98000E+02  0.00000E+00
 6.57506E-05  2.98000E+02  0.00000E+00
 6.89058E-05  2.98000E+02  0.00000E+00
 7.22331E-05  2.98000E+02  0.00000E+00
 7.57492E-05  2.98000E+02  0.00000E+00
 7.94576E-05  2.98000E+02  0.00000E+00
 8.33770E-05  2.98000E+02  0.00000E+00
 8.74830E-05  2.98000E+02  0.00000E+00
 9.18016E-05  2.98000E+02  0.00000E+00
 9.63444E-05  2.98000E+02  0.00000E+00
 1.01183E-04  2.98000E+02  0.00000E+00
 1.06292E-04  2.98000E+02  0.00000E+00
 1.11727E-04  2.98000E+02  0.00000E+00
 1.17518E-04  2.98000E+02  0.00000E+00
 1.23670E-04  2.98000E+02  0.00000E+00
 1.30236E-04  2.98000E+02  0.00000E+00
 1.37255E-04  2.98000E+02  0.00000E+00
 1.44693E-04  2.98000E+02  0.00000E+00
 1.52544E-04  2.98000E+02  0.00000E+00
 1.60795E-04  2.98000E+02  0.00000E+00
 1.69478E-04  2.98000E+02  0.00000E+00
 1.78573E-04  2.98000E+02  0.00000E+00
 1.88111E-04  2.98000E+02  0.00000E+00
 1.98099E-04  2.98000E+02  0.00000E+00
 2.08585E-04  2.98000E+02  0.00000E+00
 2.19572E-04  2.98000E+02  0.00000E+00
 2.31092E-04  2.98000E+02  0.00000E+00
 2.43193E-04  2.98000E+02  0.00000E+00
 2.55887E-04  2.98000E+02  0.00000E+00
 2.69217E-04  2.98000E+02  0.00000E+00
 2.83238E-04  2.98000E+02  0.00000E+00
 2.97964E-04  2.98000E+02  0.00000E+00
 3.13453E-04  2.98000E+02  0.00000E+00
 3.29756E-04  2.98000E+02  0.00000E+00
 3.46894E-04  2.98000E+02  0.00000E+00
 3.64939E-04  2.98000E+02  0.00000E+00
 3.83952E-04  2.98000E+02  0.00000E+00
 4.03981E-04  2.98000E+02  0.00000E+00
 4.25110E-04  2.98000E+02  0.00000E+00
 4.47411E-04  2.98000E+02  0.00000E+00
 4.70949E-04  2.98000E+02  0.00000E+00
 4.95855E-04  2.98000E+02  0.00000E+00
 5.22200E-04  2.98000E+02  0.00000E+00
 5.50069E-04  2.98000E+02  0.00000E+00
 5.79686E-04  2.98000E+02  0.00000E+00
 6.11147E-04  2.98000E+02  0.00000E+00
 6.44581E-04  2.98000E+02  0.00000E+00
 6.80259E-04  2.98000E+02  0.00000E+00
 7.18278E-04  2.98000E+02  0.00000E+00
 7.58945E-04  2.98000E+02  0.00000E+00
 8.02601E-04  2.98000E+02  0.00000E+00
 8.49373E-04  2.98000E+02  0.00000E+00
 8.99885E-04  2.98000E+02  0.00000E+00
 9.54786E-04  2.98000E+02  0.00000E+00
 1.01418E-03  2.98000E+02  0.00000E+00
 1.07917E-03  2.98000E+02  0.00000E+00
 1.15096E-03  2.98000E+02  0.00000E+00
 1.23020E-03  2.98000E+02  0.00000E+00
 1.31723E-03  2.98000E+02  0.00000E+00
 1.41142E-03  2.98000E+02  0.00000E+00
 1.48917E-03  2.98000E+02  0.00000E+00
 1.59181E-03  2.98000E+02  0.00000E+00
 1.68765E-03  2.98000E+02  0.00000E+00
 1.78245E-03  2.98000E+02  0.00000E+00
 1.92451E-03  2.98000E+02  0.00000E+00
 2.02741E-03  2.98000E+02  0.00000E+00
 2.14075E-03  2.98000E+02  0.00000E+00
 2.25823E-03  2.98000E+02  0.00000E+00
 2.36005E-03  2.98000E+02  0.00000E+00
 2.44902E-03  2.98000E+02  0.00000E+00
 2.52860E-03  2.98000E+02  0.00000E+00
 2.60040E-03  2.98000E+02  0.00000E+00
 2.66733E-03  2.98000E+02  0.00000E+00
 2.72997E-03  2.98000E+02  0.00000E+00
 2.79039E-03  2.98000E+02  0.00000E+00
 2.85011E-03  2.98000E+02  0.00000E+00
 2.90825E-03  2.98000E+02  0.00000E+00
 2.96460E-03  2.98000E+02  0.00000E+00
 3.02002E-03  2.98000E+02  0.00000E+00
 3.07530E-03  2.98000E+02  0.00000E+00
 3.13015E-03  2.98000E+02  0.00000E+00
 3.18355E-03  2.98000E+02  0.00000E+00
 3.23690E-03  2.98000E+02  0.00000E+00
 3.29035E-03  2.98000E+02  0.00000E+00
 3.34320E-03  2.98000E+02  0.00000E+00
 3.39562E-03  2.98000E+02  0.00000E+00
 3.44416E-03  2.98000E+02  0.00000E+00
 3.49567E-03  2.98000E+02  0.00000E+00
 3.54804E-03  2.98000E+02  0.00000E+00
 3.59610E-03  2.98000E+02  0.00000E+00
 3.64624E-03  2.98000E+02  0.00000E+00
 3.69060E-03  2.98000E+02  0.00000E+00
 3.74655E-03  2.98000E+02  0.00000E+00
 3.79238E-03  2.98000E+02  0.00000E+00
 3.84325E-03  2.98000E+02  0.00000E+00
 3.89575E-03  2.98000E+02  0.00000E+00
 3.94997E-03  2.98000E+02  0.00000E+00
 3.99539E-03  2.98000E+02  0.00000E+00
 4.05240E-03  2.98000E+02  0.00000E+00
 4.10754E-03  2.98000E+02  0.00000E+00
 4.15621E-03  2.98000E+02  0.00000E+00
 4.20825E-03  2.98000E+02  0.00000E+00
 4.27002E-03  2.98000E+02  0.00000E+00
 4.31756E-03  2.98000E+02  0.00000E+00
 4.37742E-03  2.98000E+02  0.00000E+00
 4.43516E-03  2.98000E+02  0.00000E+00
 4.48357E-03  2.98000E+02  0.00000E+00
 4.54491E-03  2.98000E+02  0.00000E+00
 4.60406E-03  2.98000E+02  0.00000E+00
 4.66358E-03  2.98000E+02  0.00000E+00
 4.72400E-03  2.98000E+02  0.00000E+00
 4.78547E-03  2.98000E+02  0.00000E+00
 4.84671E-03  2.98000E+02  0.00000E+00
 4.90913E-03  2.98000E+02  0.00000E+00
 4.97252E-03  2.98000E+02  0.00000E+00
 5.03658E-03  2.98000E+02  0.00000E+00
 5.10095E-03  2.98000E+02  0.00000E+00
 5.16655E-03  2.98000E+02  0.00000E+00
 5.23336E-03  2.98000E+02  0.00000E+00
 5.30025E-03  2.98000E+02  0.00000E+00
 5.36833E-03  2.98000E+02  0.00000E+00
 5.43777E-03  2.98000E+02  0.00000E+00
 5.50804E-03  2.98000E+02  0.00000E+00
 5.57906E-03  2.98000E+02  0.00000E+00
 5.65159E-03  2.98000E+02  0.00000E+00
 5.72482E-03  2.98000E+02  0.00000E+00
 5.79947E-03  2.98000E+02  0.00000E+00
 5.87473E-03  2.98000E+02  0.00000E+00
 5.95143E-03  2.98000E+02  0.00000E+00
 6.02960E-03  2.98000E+02  0.00000E+00
 6.10923E-03  2.98000E+02  0.00000E+00
 6.19054E-03  2.98000E+02  0.00000E+00
 6.27307E-03  2.98000E+02  0.00000E+00
 6.35824E-03  2.98000E+02  0.00000E+00
 6.44384E-03  2.98000E+02  0.00000E+00
 6.53194E-03  2.98000E+02  0.00000E+00
 6.62145E-03  2.98000E+02  0.00000E+00
 6.71348E-03  2.98000E+02  0.00000E+00
 6.80738E-03  2.98000E+02  0.00000E+00
 6.90375E-03  2.98000E+02  0.00000E+00
 7.00248E-03  2.98000E+02  0.00000E+00
 7.10392E-03  2.98000E+02  0.00000E+00
 7.20810E-03  2.98000E+02  0.00000E+00
 7.31510E-03  2.98000E+02  0.00000E+00
 7.42518E-03  2.98000E+02  0.00000E+00
 7.53856E-03  2.98000E+02  0.00000E+00
 7.65557E-03  2.98000E+02  0.00000E+00
 7.77648E-03  2.98000E+02  0.00000E+00
 7.90152E-03  2.98000E+02  0.00000E+00
 8.03138E-03  2.98000E+02  0.00000E+00
 8.16626E-03  2.98000E+02  0.00000E+00
 8.30473E-03  2.98000E+02  0.00000E+00
 8.44883E-03  2.98000E+02  0.00000E+00
 8.59931E-03  2.98000E+02  0.00000E+00
 8.75707E-03  2.98000E+02  0.00000E+00
 8.92286E-03  2.98000E+02  0.00000E+00
 9.09762E-03  2.98000E+02  0.00000E+00
 9.27940E-03  2.98000E+02  0.00000E+00
 9.47233E-03  2.98000E+02  0.00000E+00
 9.67766E-03  2.98000E+02  0.00000E+00
 9.89761E-03  2.98000E+02  0.00000E+00
 1.01344E-02  2.98000E+02  0.00000E+00
 1.03908E-02  2.98000E+02  0.00000E+00
 1.06650E-02  2.98000E+02  0.00000E+00
 1.09661E-02  2.98000E+02  0.00000E+00
 1.13016E-02  2.98000E+02  0.00000E+00
 1.16796E-02  2.98000E+02  0.00000E+00
 1.21141E-02  2.98000E+02  0.00000E+00
 1.26256E-02  2.98000E+02  0.00000E+00
 1.32195E-02  2.98000E+02  0.00000E+00
 1.40459E-02  2.98000E+02  0.00000E+00
 1.52089E-02  2.98000E+02  0.00000E+00
 1.67726E-02  2.98000E+02  0.00000E+00
 2.47741E-02  2.98000E+02  0.00000E+00
 2.48593E-02  2.98000E+02  0.00000E+00
 3.29722E-02  2.98000E+02  0.00000E+00
 4.61810E+02  2.98000E+02  0.00000E+00
 1.00000E+03  2.98000E+02  0.00000E+00
 1.00000E+03  2.98000E+02  0.00000E+00
