 0.00000E+00  1.99800E+03  0.00000E+00
 0.00000E+00  1.99800E+03  0.00000E+00
 0.00000E+00  2.98000E+02  0.00000E+00
 5.50922E-08  2.98000E+02  0.00000E+00
 1.39150E-06  2.98000E+02  0.00000E+00
 4.14490E-06  2.98000E+02  0.00000E+00
 7.02108E-06  2.98000E+02  0.00000E+00
 8.84308E-06  2.98000E+02  0.00000E+00
 1.05562E-05  2.98000E+02  0.00000E+00
 1.19568E-05  2.98000E+02  0.00000E+00
 1.38400E-05  2.98000E+02  0.00000E+00
 1.57894E-05  2.98000E+02  0.00000E+00
 1.78016E-05  2.98000E+02  0.00000E+00
 1.98442E-05  2.98000E+02  0.00000E+00
 2.18512E-05  2.98000E+02  0.00000E+00
 2.38590E-05  2.98000E+02  0.00000E+00
 2.58726E-05  2.98000E+02  0.00000E+00
 2.79336E-05  2.98000E+02  0.00000E+00
 3.00455E-05  2.98000E+02  0.00000E+00
 3.22396E-05  2.98000E+02  0.00000E+00
 3.45068E-05  2.98000E+02  0.00000E+00
 3.68717E-05  2.98000E+02  0.00000E+00
 3.93232E-05  2.98000E+02  0.00000E+00
 4.18856E-05  2.98000E+02  0.00000E+00
 4.45555E-05  2.98000E+02  0.00000E+00
 4.73543E-05  2.98000E+02  0.00000E+00
 5.02782E-05  2.98000E+02  0.00000E+00
 5.33438E-05  2.98000E+02  0.00000E+00
 5.65468E-05  2.98000E+02  0.00000E+00
 5.98977E-05  2.98000E+02  0.00000E+00
 6.33971E-05  2.98000E+02  0.00000E+00
 6.70564E-05  2.98000E+02  0.00000E+00
 7.08687E-05  2.98000E+02  0.00000E+00
 7.48596E-05  2.98000E+02  0.00000E+00
 7.90086E-05  2.98000E+02  0.00000E+00
 8.33546E-05  2.98000E+02  0.00000E+00
 8.78780E-05  2.98000E+02  0.00000E+00
 9.25953E-05  2.98000E+02  0.00000E+00
 9.75158E-05  2.98000E+02  0.00000E+00
 1.02642E-04  2.98000E+02  0.00000E+00
 1.07979E-04  2.98000E+02  0.00000E+00
 1.13553E-04  2.98000E+02  0.00000E+00
 1.19344E-04  2.98000E+02  0.00000E+00
 1.25385E-04  2.98000E+02  0.00000E+00
 1.31679E-04  2.98000E+02  0.00000E+00
 1.38230E-04  2.98000E+02  0.00000E+00
 1.45058E-04  2.98000E+02  0.00000E+00
 1.52183E-04  2.98000E+02  0.00000E+00
 1.59596E-04  2.98000E+02  0.00000E+00
 1.67337E-04  2.98000E+02  0.00000E+00
 1.75410E-04  2.98000E+02  0.00000E+00
 1.83821E-04  2.98000E+02  0.00000E+00
 1.92604E-04  2.98000E+02  0.00000E+00
 2.01780E-04  2.98000E+02  0.00000E+00
 2.11347E-04  2.98000E+02  0.00000E+00
 2.21342E-04  2.98000E+02  0.00000E+00
 2.31783E-04  2.98000E+02  0.00000E+00
 2.42695E-04  2.98000E+02  0.00000E+00
 2.54114E-04  2.98000E+02  0.00000E+00
 2.66045E-04  2.98000E+02  0.00000E+00
 2.78534E-04  2.98000E+02  0.00000E+00
 2.91626E-04  2.98000E+02  0.00000E+00
 3.05322E-04  2.98000E+02  0.00000E+00
 3.19677E-04  2.98000E+02  0.00000E+00
 3.34746E-04  2.98000E+02  0.00000E+00
 3.50518E-04  2.98000E+02  0.00000E+00
 3.67086E-04  2.98000E+02  0.00000E+00
 3.84435E-04  2.98000E+02  0.00000E+00
 4.02686E-04  2.98000E+02  0.00000E+00
 4.21819E-04  2.98000E+02  0.00000E+00
 4.41926E-04  2.98000E+02  0.00000E+00
 4.63068E-04  2.98000E+02  0.00000E+00
 4.85401E-04  2.98000E+02  0.00000E+00
 5.08752E-04  2.98000E+02  0.00000E+00
 5.33577E-04  2.98000E+02  0.00000E+00
 5.59749E-04  2.98000E+02  0.00000E+00
 5.87456E-04  2.98000E+02  0.00000E+00
 6.16725E-04  2.98000E+02  0.00000E+00
 6.48248E-04  2.98000E+02  0.00000E+00
 6.81766E-04  2.98000E+02  0.00000E+00
 7.17798E-04  2.98000E+02  0.00000E+00
 7.56264E-04  2.98000E+02  0.00000E+00
 7.98260E-04  2.98000E+02  0.00000E+00
 8.43845E-04  2.98000E+02  0.00000E+00
 8.94386E-04  2.98000E+02  0.00000E+00
 9.51542E-04  2.98000E+02  0.00000E+00
 1.01514E-03  2.98000E+02  0.00000E+00
 1.07826E-03  2.98000E+02  0.00000E+00
 1.14902E-03  2.98000E+02  0.00000E+00
 1.19928E-03  2.98000E+02  0.00000E+00
 1.27384E-03  2.98000E+02  0.00000E+00
 1.31726E-03  2.98000E+02  0.00000E+00
 1.40072E-03  2.98000E+02  0.00000E+00
 1.45696E-03  2.98000E+02  0.00000E+00
 1.51043E-03  2.98000E+02  0.00000E+00
 1.55911E-03  2.98000E+02  0.00000E+00
 1.60402E-03  2.98000E+02  0.00000E+00
 1.64546E-03  2.98000E+02  0.00000E+00
 1.68478E-03  2.98000E+02  0.00000E+00
 1.72316E-03  2.98000E+02  0.00000E+00
 1.76021E-03  2.98000E+02  0.00000E+00
 1.79661E-03  2.98000E+02  0.00000E+00
 1.83200E-03  2.98000E+02  0.00000E+00
 1.86704E-03  2.98000E+02  0.00000E+00
 1.90194E-03  2.98000E+02  0.00000E+00
 1.93403E-03  2.98000E+02  0.00000E+00
 1.96832E-03  2.98000E+02  0.00000E+00
 1.99998E-03  2.98000E+02  0.00000E+00
 2.03556E-03  2.98000E+02  0.00000E+00
 2.06494E-03  2.98000E+02  0.00000E+00
 2.10174E-03  2.98000E+02  0.00000E+00
 2.13702E-03  2.98000E+02  0.00000E+00
 2.16379E-03  2.98000E+02  0.00000E+00
 2.20390E-03  2.98000E+02  0.00000E+00
 2.23699E-03  2.98000E+02  0.00000E+00
 2.27238E-03  2.98000E+02  0.00000E+00
 2.30900E-03  2.98000E+02  0.00000E+00
 2.34595E-03  2.98000E+02  0.00000E+00
 2.38344E-03  2.98000E+02  0.00000E+00
 2.42140E-03  2.98000E+02  0.00000E+00
 2.45958E-03  2.98000E+02  0.00000E+00
 2.49852E-03  2.98000E+02  0.00000E+00
 2.53826E-03  2.98000E+02  0.00000E+00
 2.57873E-03  2.98000E+02  0.00000E+00
 2.61997E-03  2.98000E+02  0.00000E+00
 2.66203E-03  2.98000E+02  0.00000E+00
 2.70499E-03  2.98000E+02  0.00000E+00
 2.74884E-03  2.98000E+02  0.00000E+00
 2.79360E-03  2.98000E+02  0.00000E+00
 2.83941E-03  2.98000E+02  0.00000E+00
 2.88583E-03  2.98000E+02  0.00000E+00
 2.93335E-03  2.98000E+02  0.00000E+00
 2.98212E-03  2.98000E+02  0.00000E+00
 3.03217E-03  2.98000E+02  0.00000E+00
 3.08362E-03  2.98000E+02  0.00000E+00
 3.13650E-03  2.98000E+02  0.00000E+00
 3.19028E-03  2.98000E+02  0.00000E+00
 3.24574E-03  2.98000E+02  0.00000E+00
 3.30292E-03  2.98000E+02  0.00000E+00
 3.36197E-03  2.98000E+02  0.00000E+00
 3.42303E-03  2.98000E+02  0.00000E+00
 3.48632E-03  2.98000E+02  0.00000E+00
 3.55106E-03  2.98000E+02  0.00000E+00
 3.61836E-03  2.98000E+02  0.00000E+00
 3.68831E-03  2.98000E+02  0.00000E+00
 3.76123E-03  2.98000E+02  0.00000E+00
 3.83746E-03  2.98000E+02  0.00000E+00
 3.91731E-03  2.98000E+02  0.00000E+00
 3.99981E-03  2.98000E+02  0.00000E+00
 4.08657E-03  2.98000E+02  0.00000E+00
 4.17811E-03  2.98000E+02  0.00000E+00
 4.27524E-03  2.98000E+02  0.00000E+00
 4.37860E-03  2.98000E+02  0.00000E+00
 4.48909E-03  2.98000E+02  0.00000E+00
 4.60538E-03  2.98000E+02  0.00000E+00
 4.73088E-03  2.98000E+02  0.00000E+00
 4.86709E-03  2.98000E+02  0.00000E+00
 5.01501E-03  2.98000E+02  0.00000E+00
 5.18167E-03  2.98000E+02  0.00000E+00
 5.36764E-03  2.98000E+02  0.00000E+00
 5.58281E-03  2.98000E+02  0.00000E+00
 5.82076E-03  2.98000E+02  0.00000E+00
 6.14006E-03  2.98000E+02  0.00000E+00
 6.55193E-03  2.98000E+02  0.00000E+00
 7.07577E-03  2.98000E+02  0.00000E+00
 7.78169E-03  2.98000E+02  0.00000E+00
 1.22217E-02  2.98000E+02  0.00000E+00
 1.13650E+01  2.98000E+02  0.00000E+00
 1.00000E+03  2.98000E+02  0.00000E+00
 1.00000E+03  2.98000E+02  0.00000E+00
