 0.00000E+00  1.99800E+03  0.00000E+00
 0.00000E+00  1.99800E+03  0.00000E+00
 0.00000E+00  2.98000E+02  0.00000E+00
 1.01785E-07  2.98000E+02  0.00000E+00
 3.22617E-07  2.98000E+02  0.00000E+00
 6.09857E-07  2.98000E+02  0.00000E+00
 9.36194E-07  2.98000E+02  0.00000E+00
 1.30575E-06  2.98000E+02  0.00000E+00
 1.95032E-06  2.98000E+02  0.00000E+00
 2.42717E-06  2.98000E+02  0.00000E+00
 2.94565E-06  2.98000E+02  0.00000E+00
 3.79887E-06  2.98000E+02  0.00000E+00
 4.94504E-06  2.98000E+02  0.00000E+00
 6.18381E-06  2.98000E+02  0.00000E+00
 7.56327E-06  2.98000E+02  0.00000E+00
 8.99379E-06  2.98000E+02  0.00000E+00
 1.05246E-05  2.98000E+02  0.00000E+00
 1.20849E-05  2.98000E+02  0.00000E+00
 1.36847E-05  2.98000E+02  0.00000E+00
 1.52880E-05  2.98000E+02  0.00000E+00
 1.69092E-05  2.98000E+02  0.00000E+00
 1.85412E-05  2.98000E+02  0.00000E+00
 2.02012E-05  2.98000E+02  0.00000E+00
 2.18879E-05  2.98000E+02  0.00000E+00
 2.36161E-05  2.98000E+02  0.00000E+00
 2.53864E-05  2.98000E+02  0.00000E+00
 2.72101E-05  2.98000E+02  0.00000E+00
 2.90880E-05  2.98000E+02  0.00000E+00
 3.10272E-05  2.98000E+02  0.00000E+00
 3.30292E-05  2.98000E+02  0.00000E+00
 3.51021E-05  2.98000E+02  0.00000E+00
 3.72488E-05  2.98000E+02  0.00000E+00
 3.94739E-05  2.98000E+02  0.00000E+00
 4.17780E-05  2.98000E+02  0.00000E+00
 4.41423E-05  2.98000E+02  0.00000E+00
 4.65135E-05  2.98000E+02  0.00000E+00
 4.89129E-05  2.98000E+02  0.00000E+00
 5.13451E-05  2.98000E+02  0.00000E+00
 5.38226E-05  2.98000E+02  0.00000E+00
 5.64093E-05  2.98000E+02  0.00000E+00
 5.91083E-05  2.98000E+02  0.00000E+00
 6.19336E-05  2.98000E+02  0.00000E+00
 6.48736E-05  2.98000E+02  0.00000E+00
 6.79581E-05  2.98000E+02  0.00000E+00
 7.12091E-05  2.98000E+02  0.00000E+00
 7.46661E-05  2.98000E+02  0.00000E+00
 7.83507E-05  2.98000E+02  0.00000E+00
 8.22413E-05  2.98000E+02  0.00000E+00
 8.63196E-05  2.98000E+02  0.00000E+00
 9.06087E-05  2.98000E+02  0.00000E+00
 9.51723E-05  2.98000E+02  0.00000E+00
 9.99867E-05  2.98000E+02  0.00000E+00
 1.05084E-04  2.98000E+02  0.00000E+00
 1.10512E-04  2.98000E+02  0.00000E+00
 1.16300E-04  2.98000E+02  0.00000E+00
 1.22471E-04  2.98000E+02  0.00000E+00
 1.29093E-04  2.98000E+02  0.00000E+00
 1.36140E-04  2.98000E+02  0.00000E+00
 1.43659E-04  2.98000E+02  0.00000E+00
 1.51676E-04  2.98000E+02  0.00000E+00
 1.60148E-04  2.98000E+02  0.00000E+00
 1.69094E-04  2.98000E+02  0.00000E+00
 1.78498E-04  2.98000E+02  0.00000E+00
 1.88383E-04  2.98000E+02  0.00000E+00
 1.98771E-04  2.98000E+02  0.00000E+00
 2.09685E-04  2.98000E+02  0.00000E+00
 2.21177E-04  2.98000E+02  0.00000E+00
 2.33262E-04  2.98000E+02  0.00000E+00
 2.45977E-04  2.98000E+02  0.00000E+00
 2.59381E-04  2.98000E+02  0.00000E+00
 2.73495E-04  2.98000E+02  0.00000E+00
 2.88372E-04  2.98000E+02  0.00000E+00
 3.04072E-04  2.98000E+02  0.00000E+00
 3.20629E-04  2.98000E+02  0.00000E+00
 3.38117E-04  2.98000E+02  0.00000E+00
 3.56582E-04  2.98000E+02  0.00000E+00
 3.76099E-04  2.98000E+02  0.00000E+00
 3.96763E-04  2.98000E+02  0.00000E+00
 4.18621E-04  2.98000E+02  0.00000E+00
 4.41795E-04  2.98000E+02  0.00000E+00
 4.66380E-04  2.98000E+02  0.00000E+00
 4.92448E-04  2.98000E+02  0.00000E+00
 5.20164E-04  2.98000E+02  0.00000E+00
 5.49638E-04  2.98000E+02  0.00000E+00
 5.80967E-04  2.98000E+02  0.00000E+00
 6.14370E-04  2.98000E+02  0.00000E+00
 6.50112E-04  2.98000E+02  0.00000E+00
 6.88311E-04  2.98000E+02  0.00000E+00
 7.29265E-04  2.98000E+02  0.00000E+00
 7.73342E-04  2.98000E+02  0.00000E+00
 8.20706E-04  2.98000E+02  0.00000E+00
 8.71809E-04  2.98000E+02  0.00000E+00
 9.27308E-04  2.98000E+02  0.00000E+00
 9.87427E-04  2.98000E+02  0.00000E+00
 1.05309E-03  2.98000E+02  0.00000E+00
 1.12524E-03  2.98000E+02  0.00000E+00
 1.20418E-03  2.98000E+02  0.00000E+00
 1.29194E-03  2.98000E+02  0.00000E+00
 1.38704E-03  2.98000E+02  0.00000E+00
 1.49087E-03  2.98000E+02  0.00000E+00
 1.60241E-03  2.98000E+02  0.00000E+00
 1.70320E-03  2.98000E+02  0.00000E+00
 1.79800E-03  2.98000E+02  0.00000E+00
 1.92082E-03  2.98000E+02  0.00000E+00
 2.00827E-03  2.98000E+02  0.00000E+00
 2.14176E-03  2.98000E+02  0.00000E+00
 2.26124E-03  2.98000E+02  0.00000E+00
 2.40698E-03  2.98000E+02  0.00000E+00
 2.52807E-03  2.98000E+02  0.00000E+00
 2.66852E-03  2.98000E+02  0.00000E+00
 2.77918E-03  2.98000E+02  0.00000E+00
 2.87661E-03  2.98000E+02  0.00000E+00
 2.96305E-03  2.98000E+02  0.00000E+00
 3.04415E-03  2.98000E+02  0.00000E+00
 3.12129E-03  2.98000E+02  0.00000E+00
 3.19466E-03  2.98000E+02  0.00000E+00
 3.26701E-03  2.98000E+02  0.00000E+00
 3.33692E-03  2.98000E+02  0.00000E+00
 3.40572E-03  2.98000E+02  0.00000E+00
 3.47353E-03  2.98000E+02  0.00000E+00
 3.53862E-03  2.98000E+02  0.00000E+00
 3.60345E-03  2.98000E+02  0.00000E+00
 3.66793E-03  2.98000E+02  0.00000E+00
 3.73147E-03  2.98000E+02  0.00000E+00
 3.79419E-03  2.98000E+02  0.00000E+00
 3.85707E-03  2.98000E+02  0.00000E+00
 3.91934E-03  2.98000E+02  0.00000E+00
 3.96697E-03  2.98000E+02  0.00000E+00
 4.03701E-03  2.98000E+02  0.00000E+00
 4.09088E-03  2.98000E+02  0.00000E+00
 4.14871E-03  2.98000E+02  0.00000E+00
 4.21695E-03  2.98000E+02  0.00000E+00
 4.28003E-03  2.98000E+02  0.00000E+00
 4.34247E-03  2.98000E+02  0.00000E+00
 4.39740E-03  2.98000E+02  0.00000E+00
 4.46024E-03  2.98000E+02  0.00000E+00
 4.50781E-03  2.98000E+02  0.00000E+00
 4.57872E-03  2.98000E+02  0.00000E+00
 4.63474E-03  2.98000E+02  0.00000E+00
 4.69885E-03  2.98000E+02  0.00000E+00
 4.74739E-03  2.98000E+02  0.00000E+00
 4.81949E-03  2.98000E+02  0.00000E+00
 4.87604E-03  2.98000E+02  0.00000E+00
 4.94138E-03  2.98000E+02  0.00000E+00
 5.00290E-03  2.98000E+02  0.00000E+00
 5.06312E-03  2.98000E+02  0.00000E+00
 5.12770E-03  2.98000E+02  0.00000E+00
 5.18864E-03  2.98000E+02  0.00000E+00
 5.26344E-03  2.98000E+02  0.00000E+00
 5.32060E-03  2.98000E+02  0.00000E+00
 5.39225E-03  2.98000E+02  0.00000E+00
 5.46050E-03  2.98000E+02  0.00000E+00
 5.51899E-03  2.98000E+02  0.00000E+00
 5.59192E-03  2.98000E+02  0.00000E+00
 5.66298E-03  2.98000E+02  0.00000E+00
 5.71683E-03  2.98000E+02  0.00000E+00
 5.79738E-03  2.98000E+02  0.00000E+00
 5.86978E-03  2.98000E+02  0.00000E+00
 5.94309E-03  2.98000E+02  0.00000E+00
 6.01734E-03  2.98000E+02  0.00000E+00
 6.09242E-03  2.98000E+02  0.00000E+00
 6.16795E-03  2.98000E+02  0.00000E+00
 6.24498E-03  2.98000E+02  0.00000E+00
 6.32311E-03  2.98000E+02  0.00000E+00
 6.40129E-03  2.98000E+02  0.00000E+00
 6.48082E-03  2.98000E+02  0.00000E+00
 6.56179E-03  2.98000E+02  0.00000E+00
 6.64343E-03  2.98000E+02  0.00000E+00
 6.72572E-03  2.98000E+02  0.00000E+00
 6.80966E-03  2.98000E+02  0.00000E+00
 6.89529E-03  2.98000E+02  0.00000E+00
 6.98091E-03  2.98000E+02  0.00000E+00
 7.06807E-03  2.98000E+02  0.00000E+00
 7.15705E-03  2.98000E+02  0.00000E+00
 7.24719E-03  2.98000E+02  0.00000E+00
 7.33832E-03  2.98000E+02  0.00000E+00
 7.43164E-03  2.98000E+02  0.00000E+00
 7.52709E-03  2.98000E+02  0.00000E+00
 7.62280E-03  2.98000E+02  0.00000E+00
 7.72068E-03  2.98000E+02  0.00000E+00
 7.82111E-03  2.98000E+02  0.00000E+00
 7.92290E-03  2.98000E+02  0.00000E+00
 8.02601E-03  2.98000E+02  0.00000E+00
 8.13187E-03  2.98000E+02  0.00000E+00
 8.24081E-03  2.98000E+02  0.00000E+00
 8.35016E-03  2.98000E+02  0.00000E+00
 8.46254E-03  2.98000E+02  0.00000E+00
 8.57821E-03  2.98000E+02  0.00000E+00
 8.69624E-03  2.98000E+02  0.00000E+00
 8.81624E-03  2.98000E+02  0.00000E+00
 8.94017E-03  2.98000E+02  0.00000E+00
 9.06840E-03  2.98000E+02  0.00000E+00
 9.19757E-03  2.98000E+02  0.00000E+00
 9.33122E-03  2.98000E+02  0.00000E+00
 9.46991E-03  2.98000E+02  0.00000E+00
 9.61198E-03  2.98000E+02  0.00000E+00
 9.75758E-03  2.98000E+02  0.00000E+00
 9.90908E-03  2.98000E+02  0.00000E+00
 1.00673E-02  2.98000E+02  0.00000E+00
 1.02280E-02  2.98000E+02  0.00000E+00
 1.03960E-02  2.98000E+02  0.00000E+00
 1.05724E-02  2.98000E+02  0.00000E+00
 1.07550E-02  2.98000E+02  0.00000E+00
 1.09441E-02  2.98000E+02  0.00000E+00
 1.11442E-02  2.98000E+02  0.00000E+00
 1.13562E-02  2.98000E+02  0.00000E+00
 1.15744E-02  2.98000E+02  0.00000E+00
 1.18072E-02  2.98000E+02  0.00000E+00
 1.20571E-02  2.98000E+02  0.00000E+00
 1.23202E-02  2.98000E+02  0.00000E+00
 1.25975E-02  2.98000E+02  0.00000E+00
 1.29027E-02  2.98000E+02  0.00000E+00
 1.32374E-02  2.98000E+02  0.00000E+00
 1.35896E-02  2.98000E+02  0.00000E+00
 1.39839E-02  2.98000E+02  0.00000E+00
 1.44324E-02  2.98000E+02  0.00000E+00
 1.49296E-02  2.98000E+02  0.00000E+00
 1.54936E-02  2.98000E+02  0.00000E+00
 1.61695E-02  2.98000E+02  0.00000E+00
 1.70240E-02  2.98000E+02  0.00000E+00
 1.82604E-02  2.98000E+02  0.00000E+00
 2.02104E-02  2.98000E+02  0.00000E+00
 2.24942E-02  2.98000E+02  0.00000E+00
 6.39248E-02  2.98000E+02  0.00000E+00
 1.00000E+03  2.98000E+02  0.00000E+00
 1.00000E+03  2.98000E+02  0.00000E+00
