 0.00000E+00  1.99800E+03  0.00000E+00
 0.00000E+00  1.99800E+03  0.00000E+00
 0.00000E+00  2.98000E+02  0.00000E+00
 6.83585E-08  2.98000E+02  0.00000E+00
 1.45080E-06  2.98000E+02  0.00000E+00
 4.20544E-06  2.98000E+02  0.00000E+00
 6.30036E-06  2.98000E+02  0.00000E+00
 7.50635E-06  2.98000E+02  0.00000E+00
 8.52413E-06  2.98000E+02  0.00000E+00
 9.44040E-06  2.98000E+02  0.00000E+00
 1.11532E-05  2.98000E+02  0.00000E+00
 1.29088E-05  2.98000E+02  0.00000E+00
 1.47099E-05  2.98000E+02  0.00000E+00
 1.65642E-05  2.98000E+02  0.00000E+00
 1.84651E-05  2.98000E+02  0.00000E+00
 2.03644E-05  2.98000E+02  0.00000E+00
 2.22804E-05  2.98000E+02  0.00000E+00
 2.42056E-05  2.98000E+02  0.00000E+00
 2.61718E-05  2.98000E+02  0.00000E+00
 2.81745E-05  2.98000E+02  0.00000E+00
 3.02404E-05  2.98000E+02  0.00000E+00
 3.23618E-05  2.98000E+02  0.00000E+00
 3.45653E-05  2.98000E+02  0.00000E+00
 3.68433E-05  2.98000E+02  0.00000E+00
 3.92184E-05  2.98000E+02  0.00000E+00
 4.16793E-05  2.98000E+02  0.00000E+00
 4.42420E-05  2.98000E+02  0.00000E+00
 4.69198E-05  2.98000E+02  0.00000E+00
 4.97533E-05  2.98000E+02  0.00000E+00
 5.27320E-05  2.98000E+02  0.00000E+00
 5.58763E-05  2.98000E+02  0.00000E+00
 5.91686E-05  2.98000E+02  0.00000E+00
 6.26329E-05  2.98000E+02  0.00000E+00
 6.62564E-05  2.98000E+02  0.00000E+00
 7.00626E-05  2.98000E+02  0.00000E+00
 7.40396E-05  2.98000E+02  0.00000E+00
 7.82010E-05  2.98000E+02  0.00000E+00
 8.25529E-05  2.98000E+02  0.00000E+00
 8.71030E-05  2.98000E+02  0.00000E+00
 9.18487E-05  2.98000E+02  0.00000E+00
 9.68135E-05  2.98000E+02  0.00000E+00
 1.01978E-04  2.98000E+02  0.00000E+00
 1.07377E-04  2.98000E+02  0.00000E+00
 1.13006E-04  2.98000E+02  0.00000E+00
 1.18873E-04  2.98000E+02  0.00000E+00
 1.24991E-04  2.98000E+02  0.00000E+00
 1.31374E-04  2.98000E+02  0.00000E+00
 1.38013E-04  2.98000E+02  0.00000E+00
 1.44948E-04  2.98000E+02  0.00000E+00
 1.52169E-04  2.98000E+02  0.00000E+00
 1.59693E-04  2.98000E+02  0.00000E+00
 1.67543E-04  2.98000E+02  0.00000E+00
 1.75730E-04  2.98000E+02  0.00000E+00
 1.84253E-04  2.98000E+02  0.00000E+00
 1.93155E-04  2.98000E+02  0.00000E+00
 2.02440E-04  2.98000E+02  0.00000E+00
 2.12127E-04  2.98000E+02  0.00000E+00
 2.22236E-04  2.98000E+02  0.00000E+00
 2.32790E-04  2.98000E+02  0.00000E+00
 2.43812E-04  2.98000E+02  0.00000E+00
 2.55332E-04  2.98000E+02  0.00000E+00
 2.67362E-04  2.98000E+02  0.00000E+00
 2.79946E-04  2.98000E+02  0.00000E+00
 2.93127E-04  2.98000E+02  0.00000E+00
 3.06914E-04  2.98000E+02  0.00000E+00
 3.21357E-04  2.98000E+02  0.00000E+00
 3.36495E-04  2.98000E+02  0.00000E+00
 3.52362E-04  2.98000E+02  0.00000E+00
 3.68999E-04  2.98000E+02  0.00000E+00
 3.86452E-04  2.98000E+02  0.00000E+00
 4.04745E-04  2.98000E+02  0.00000E+00
 4.24000E-04  2.98000E+02  0.00000E+00
 4.44151E-04  2.98000E+02  0.00000E+00
 4.65390E-04  2.98000E+02  0.00000E+00
 4.87738E-04  2.98000E+02  0.00000E+00
 5.11292E-04  2.98000E+02  0.00000E+00
 5.36106E-04  2.98000E+02  0.00000E+00
 5.62529E-04  2.98000E+02  0.00000E+00
 5.90339E-04  2.98000E+02  0.00000E+00
 6.19915E-04  2.98000E+02  0.00000E+00
 6.51408E-04  2.98000E+02  0.00000E+00
 6.85133E-04  2.98000E+02  0.00000E+00
 7.20921E-04  2.98000E+02  0.00000E+00
 7.59517E-04  2.98000E+02  0.00000E+00
 8.00886E-04  2.98000E+02  0.00000E+00
 8.46023E-04  2.98000E+02  0.00000E+00
 8.95618E-04  2.98000E+02  0.00000E+00
 9.49572E-04  2.98000E+02  0.00000E+00
 1.01063E-03  2.98000E+02  0.00000E+00
 1.07898E-03  2.98000E+02  0.00000E+00
 1.13387E-03  2.98000E+02  0.00000E+00
 1.21697E-03  2.98000E+02  0.00000E+00
 1.28210E-03  2.98000E+02  0.00000E+00
 1.35860E-03  2.98000E+02  0.00000E+00
 1.45027E-03  2.98000E+02  0.00000E+00
 1.52136E-03  2.98000E+02  0.00000E+00
 1.58007E-03  2.98000E+02  0.00000E+00
 1.63625E-03  2.98000E+02  0.00000E+00
 1.68757E-03  2.98000E+02  0.00000E+00
 1.73516E-03  2.98000E+02  0.00000E+00
 1.77913E-03  2.98000E+02  0.00000E+00
 1.82085E-03  2.98000E+02  0.00000E+00
 1.86162E-03  2.98000E+02  0.00000E+00
 1.90158E-03  2.98000E+02  0.00000E+00
 1.93962E-03  2.98000E+02  0.00000E+00
 1.97721E-03  2.98000E+02  0.00000E+00
 2.01443E-03  2.98000E+02  0.00000E+00
 2.05136E-03  2.98000E+02  0.00000E+00
 2.08824E-03  2.98000E+02  0.00000E+00
 2.12502E-03  2.98000E+02  0.00000E+00
 2.15617E-03  2.98000E+02  0.00000E+00
 2.19401E-03  2.98000E+02  0.00000E+00
 2.23053E-03  2.98000E+02  0.00000E+00
 2.26304E-03  2.98000E+02  0.00000E+00
 2.29707E-03  2.98000E+02  0.00000E+00
 2.33340E-03  2.98000E+02  0.00000E+00
 2.37050E-03  2.98000E+02  0.00000E+00
 2.40187E-03  2.98000E+02  0.00000E+00
 2.44154E-03  2.98000E+02  0.00000E+00
 2.47981E-03  2.98000E+02  0.00000E+00
 2.51836E-03  2.98000E+02  0.00000E+00
 2.55113E-03  2.98000E+02  0.00000E+00
 2.59185E-03  2.98000E+02  0.00000E+00
 2.63133E-03  2.98000E+02  0.00000E+00
 2.67122E-03  2.98000E+02  0.00000E+00
 2.71177E-03  2.98000E+02  0.00000E+00
 2.75290E-03  2.98000E+02  0.00000E+00
 2.79473E-03  2.98000E+02  0.00000E+00
 2.83706E-03  2.98000E+02  0.00000E+00
 2.88026E-03  2.98000E+02  0.00000E+00
 2.92421E-03  2.98000E+02  0.00000E+00
 2.96925E-03  2.98000E+02  0.00000E+00
 3.01516E-03  2.98000E+02  0.00000E+00
 3.06888E-03  2.98000E+02  0.00000E+00
 3.11715E-03  2.98000E+02  0.00000E+00
 3.16566E-03  2.98000E+02  0.00000E+00
 3.21513E-03  2.98000E+02  0.00000E+00
 3.26578E-03  2.98000E+02  0.00000E+00
 3.31761E-03  2.98000E+02  0.00000E+00
 3.37075E-03  2.98000E+02  0.00000E+00
 3.42469E-03  2.98000E+02  0.00000E+00
 3.48002E-03  2.98000E+02  0.00000E+00
 3.53684E-03  2.98000E+02  0.00000E+00
 3.59524E-03  2.98000E+02  0.00000E+00
 3.65539E-03  2.98000E+02  0.00000E+00
 3.71742E-03  2.98000E+02  0.00000E+00
 3.78060E-03  2.98000E+02  0.00000E+00
 3.84576E-03  2.98000E+02  0.00000E+00
 3.91312E-03  2.98000E+02  0.00000E+00
 3.98288E-03  2.98000E+02  0.00000E+00
 4.05520E-03  2.98000E+02  0.00000E+00
 4.13035E-03  2.98000E+02  0.00000E+00
 4.20743E-03  2.98000E+02  0.00000E+00
 4.28767E-03  2.98000E+02  0.00000E+00
 4.37150E-03  2.98000E+02  0.00000E+00
 4.45926E-03  2.98000E+02  0.00000E+00
 4.55147E-03  2.98000E+02  0.00000E+00
 4.64854E-03  2.98000E+02  0.00000E+00
 4.74919E-03  2.98000E+02  0.00000E+00
 4.85563E-03  2.98000E+02  0.00000E+00
 4.96887E-03  2.98000E+02  0.00000E+00
 5.09010E-03  2.98000E+02  0.00000E+00
 5.22046E-03  2.98000E+02  0.00000E+00
 5.35852E-03  2.98000E+02  0.00000E+00
 5.51258E-03  2.98000E+02  0.00000E+00
 5.67509E-03  2.98000E+02  0.00000E+00
 5.85604E-03  2.98000E+02  0.00000E+00
 6.05877E-03  2.98000E+02  0.00000E+00
 6.29042E-03  2.98000E+02  0.00000E+00
 6.56295E-03  2.98000E+02  0.00000E+00
 6.84498E-03  2.98000E+02  0.00000E+00
 7.28444E-03  2.98000E+02  0.00000E+00
 7.84343E-03  2.98000E+02  0.00000E+00
 8.60212E-03  2.98000E+02  0.00000E+00
 1.03446E-02  2.98000E+02  0.00000E+00
 2.15306E-02  2.98000E+02  0.00000E+00
 1.00000E+03  2.98000E+02  0.00000E+00
 1.00000E+03  2.98000E+02  0.00000E+00
