 0.00000E+00  1.99800E+03  0.00000E+00
 0.00000E+00  1.99800E+03  0.00000E+00
 0.00000E+00  2.98000E+02  0.00000E+00
 5.29339E-08  2.98000E+02  0.00000E+00
 1.12059E-06  2.98000E+02  0.00000E+00
 3.27012E-06  2.98000E+02  0.00000E+00
 4.64660E-06  2.98000E+02  0.00000E+00
 7.98849E-06  2.98000E+02  0.00000E+00
 9.54377E-06  2.98000E+02  0.00000E+00
 1.06298E-05  2.98000E+02  0.00000E+00
 1.21127E-05  2.98000E+02  0.00000E+00
 1.40353E-05  2.98000E+02  0.00000E+00
 1.59700E-05  2.98000E+02  0.00000E+00
 1.80331E-05  2.98000E+02  0.00000E+00
 2.01464E-05  2.98000E+02  0.00000E+00
 2.22586E-05  2.98000E+02  0.00000E+00
 2.43359E-05  2.98000E+02  0.00000E+00
 2.64334E-05  2.98000E+02  0.00000E+00
 2.85586E-05  2.98000E+02  0.00000E+00
 3.07511E-05  2.98000E+02  0.00000E+00
 3.30059E-05  2.98000E+02  0.00000E+00
 3.53487E-05  2.98000E+02  0.00000E+00
 3.77684E-05  2.98000E+02  0.00000E+00
 4.02917E-05  2.98000E+02  0.00000E+00
 4.29104E-05  2.98000E+02  0.00000E+00
 4.56474E-05  2.98000E+02  0.00000E+00
 4.84917E-05  2.98000E+02  0.00000E+00
 5.14677E-05  2.98000E+02  0.00000E+00
 5.45598E-05  2.98000E+02  0.00000E+00
 5.77975E-05  2.98000E+02  0.00000E+00
 6.11598E-05  2.98000E+02  0.00000E+00
 6.46808E-05  2.98000E+02  0.00000E+00
 6.83388E-05  2.98000E+02  0.00000E+00
 7.21564E-05  2.98000E+02  0.00000E+00
 7.61304E-05  2.98000E+02  0.00000E+00
 8.02659E-05  2.98000E+02  0.00000E+00
 8.45710E-05  2.98000E+02  0.00000E+00
 8.90609E-05  2.98000E+02  0.00000E+00
 9.37162E-05  2.98000E+02  0.00000E+00
 9.85793E-05  2.98000E+02  0.00000E+00
 1.03630E-04  2.98000E+02  0.00000E+00
 1.08889E-04  2.98000E+02  0.00000E+00
 1.14370E-04  2.98000E+02  0.00000E+00
 1.20070E-04  2.98000E+02  0.00000E+00
 1.25996E-04  2.98000E+02  0.00000E+00
 1.32180E-04  2.98000E+02  0.00000E+00
 1.38608E-04  2.98000E+02  0.00000E+00
 1.45307E-04  2.98000E+02  0.00000E+00
 1.52292E-04  2.98000E+02  0.00000E+00
 1.59564E-04  2.98000E+02  0.00000E+00
 1.67149E-04  2.98000E+02  0.00000E+00
 1.75066E-04  2.98000E+02  0.00000E+00
 1.83306E-04  2.98000E+02  0.00000E+00
 1.91905E-04  2.98000E+02  0.00000E+00
 2.00892E-04  2.98000E+02  0.00000E+00
 2.10269E-04  2.98000E+02  0.00000E+00
 2.20066E-04  2.98000E+02  0.00000E+00
 2.30307E-04  2.98000E+02  0.00000E+00
 2.41021E-04  2.98000E+02  0.00000E+00
 2.52225E-04  2.98000E+02  0.00000E+00
 2.63945E-04  2.98000E+02  0.00000E+00
 2.76212E-04  2.98000E+02  0.00000E+00
 2.89087E-04  2.98000E+02  0.00000E+00
 3.02536E-04  2.98000E+02  0.00000E+00
 3.16658E-04  2.98000E+02  0.00000E+00
 3.31461E-04  2.98000E+02  0.00000E+00
 3.46977E-04  2.98000E+02  0.00000E+00
 3.63249E-04  2.98000E+02  0.00000E+00
 3.80358E-04  2.98000E+02  0.00000E+00
 3.98278E-04  2.98000E+02  0.00000E+00
 4.17143E-04  2.98000E+02  0.00000E+00
 4.36890E-04  2.98000E+02  0.00000E+00
 4.57774E-04  2.98000E+02  0.00000E+00
 4.79647E-04  2.98000E+02  0.00000E+00
 5.02708E-04  2.98000E+02  0.00000E+00
 5.27010E-04  2.98000E+02  0.00000E+00
 5.52892E-04  2.98000E+02  0.00000E+00
 5.80022E-04  2.98000E+02  0.00000E+00
 6.09009E-04  2.98000E+02  0.00000E+00
 6.39987E-04  2.98000E+02  0.00000E+00
 6.73441E-04  2.98000E+02  0.00000E+00
 7.09331E-04  2.98000E+02  0.00000E+00
 7.47718E-04  2.98000E+02  0.00000E+00
 7.89566E-04  2.98000E+02  0.00000E+00
 8.35812E-04  2.98000E+02  0.00000E+00
 8.87808E-04  2.98000E+02  0.00000E+00
 9.46599E-04  2.98000E+02  0.00000E+00
 1.01192E-03  2.98000E+02  0.00000E+00
 1.05722E-03  2.98000E+02  0.00000E+00
 1.12565E-03  2.98000E+02  0.00000E+00
 1.16894E-03  2.98000E+02  0.00000E+00
 1.25601E-03  2.98000E+02  0.00000E+00
 1.32077E-03  2.98000E+02  0.00000E+00
 1.37106E-03  2.98000E+02  0.00000E+00
 1.41979E-03  2.98000E+02  0.00000E+00
 1.46505E-03  2.98000E+02  0.00000E+00
 1.50589E-03  2.98000E+02  0.00000E+00
 1.54418E-03  2.98000E+02  0.00000E+00
 1.58145E-03  2.98000E+02  0.00000E+00
 1.61723E-03  2.98000E+02  0.00000E+00
 1.65230E-03  2.98000E+02  0.00000E+00
 1.68625E-03  2.98000E+02  0.00000E+00
 1.71991E-03  2.98000E+02  0.00000E+00
 1.74821E-03  2.98000E+02  0.00000E+00
 1.78356E-03  2.98000E+02  0.00000E+00
 1.81700E-03  2.98000E+02  0.00000E+00
 1.84227E-03  2.98000E+02  0.00000E+00
 1.87976E-03  2.98000E+02  0.00000E+00
 1.91054E-03  2.98000E+02  0.00000E+00
 1.94345E-03  2.98000E+02  0.00000E+00
 1.96912E-03  2.98000E+02  0.00000E+00
 2.00743E-03  2.98000E+02  0.00000E+00
 2.03909E-03  2.98000E+02  0.00000E+00
 2.07286E-03  2.98000E+02  0.00000E+00
 2.10777E-03  2.98000E+02  0.00000E+00
 2.14306E-03  2.98000E+02  0.00000E+00
 2.17906E-03  2.98000E+02  0.00000E+00
 2.21548E-03  2.98000E+02  0.00000E+00
 2.25223E-03  2.98000E+02  0.00000E+00
 2.28979E-03  2.98000E+02  0.00000E+00
 2.32804E-03  2.98000E+02  0.00000E+00
 2.36737E-03  2.98000E+02  0.00000E+00
 2.40718E-03  2.98000E+02  0.00000E+00
 2.44819E-03  2.98000E+02  0.00000E+00
 2.49000E-03  2.98000E+02  0.00000E+00
 2.53232E-03  2.98000E+02  0.00000E+00
 2.57630E-03  2.98000E+02  0.00000E+00
 2.62119E-03  2.98000E+02  0.00000E+00
 2.66687E-03  2.98000E+02  0.00000E+00
 2.71383E-03  2.98000E+02  0.00000E+00
 2.76207E-03  2.98000E+02  0.00000E+00
 2.81177E-03  2.98000E+02  0.00000E+00
 2.86302E-03  2.98000E+02  0.00000E+00
 2.91598E-03  2.98000E+02  0.00000E+00
 2.96989E-03  2.98000E+02  0.00000E+00
 3.02577E-03  2.98000E+02  0.00000E+00
 3.08370E-03  2.98000E+02  0.00000E+00
 3.14376E-03  2.98000E+02  0.00000E+00
 3.20625E-03  2.98000E+02  0.00000E+00
 3.27147E-03  2.98000E+02  0.00000E+00
 3.33851E-03  2.98000E+02  0.00000E+00
 3.40865E-03  2.98000E+02  0.00000E+00
 3.48219E-03  2.98000E+02  0.00000E+00
 3.55956E-03  2.98000E+02  0.00000E+00
 3.64125E-03  2.98000E+02  0.00000E+00
 3.72772E-03  2.98000E+02  0.00000E+00
 3.81772E-03  2.98000E+02  0.00000E+00
 3.91367E-03  2.98000E+02  0.00000E+00
 4.01660E-03  2.98000E+02  0.00000E+00
 4.12774E-03  2.98000E+02  0.00000E+00
 4.24841E-03  2.98000E+02  0.00000E+00
 4.38038E-03  2.98000E+02  0.00000E+00
 4.52172E-03  2.98000E+02  0.00000E+00
 4.68106E-03  2.98000E+02  0.00000E+00
 4.85850E-03  2.98000E+02  0.00000E+00
 5.06376E-03  2.98000E+02  0.00000E+00
 5.30810E-03  2.98000E+02  0.00000E+00
 5.61928E-03  2.98000E+02  0.00000E+00
 6.07809E-03  2.98000E+02  0.00000E+00
 6.83976E-03  2.98000E+02  0.00000E+00
 8.35474E-03  2.98000E+02  0.00000E+00
 8.08840E-02  2.98000E+02  0.00000E+00
 1.00000E+03  2.98000E+02  0.00000E+00
 1.00000E+03  2.98000E+02  0.00000E+00
