 0.00000E+00  1.99800E+03  0.00000E+00
 0.00000E+00  1.99800E+03  0.00000E+00
 0.00000E+00  2.98000E+02  0.00000E+00
 6.76676E-08  2.98000E+02  0.00000E+00
 3.60693E-07  2.98000E+02  0.00000E+00
 3.57294E-06  2.98000E+02  0.00000E+00
 5.65142E-06  2.98000E+02  0.00000E+00
 8.83294E-06  2.98000E+02  0.00000E+00
 1.07460E-05  2.98000E+02  0.00000E+00
 1.19345E-05  2.98000E+02  0.00000E+00
 1.29418E-05  2.98000E+02  0.00000E+00
 1.42039E-05  2.98000E+02  0.00000E+00
 1.62276E-05  2.98000E+02  0.00000E+00
 1.82721E-05  2.98000E+02  0.00000E+00
 2.04460E-05  2.98000E+02  0.00000E+00
 2.26279E-05  2.98000E+02  0.00000E+00
 2.47978E-05  2.98000E+02  0.00000E+00
 2.69487E-05  2.98000E+02  0.00000E+00
 2.91375E-05  2.98000E+02  0.00000E+00
 3.13631E-05  2.98000E+02  0.00000E+00
 3.36617E-05  2.98000E+02  0.00000E+00
 3.60210E-05  2.98000E+02  0.00000E+00
 3.84683E-05  2.98000E+02  0.00000E+00
 4.09949E-05  2.98000E+02  0.00000E+00
 4.36254E-05  2.98000E+02  0.00000E+00
 4.63494E-05  2.98000E+02  0.00000E+00
 4.91870E-05  2.98000E+02  0.00000E+00
 5.21326E-05  2.98000E+02  0.00000E+00
 5.52003E-05  2.98000E+02  0.00000E+00
 5.83894E-05  2.98000E+02  0.00000E+00
 6.17106E-05  2.98000E+02  0.00000E+00
 6.51568E-05  2.98000E+02  0.00000E+00
 6.87490E-05  2.98000E+02  0.00000E+00
 7.24657E-05  2.98000E+02  0.00000E+00
 7.63432E-05  2.98000E+02  0.00000E+00
 8.03590E-05  2.98000E+02  0.00000E+00
 8.45317E-05  2.98000E+02  0.00000E+00
 8.88698E-05  2.98000E+02  0.00000E+00
 9.33751E-05  2.98000E+02  0.00000E+00
 9.80469E-05  2.98000E+02  0.00000E+00
 1.02916E-04  2.98000E+02  0.00000E+00
 1.07960E-04  2.98000E+02  0.00000E+00
 1.13205E-04  2.98000E+02  0.00000E+00
 1.18659E-04  2.98000E+02  0.00000E+00
 1.24321E-04  2.98000E+02  0.00000E+00
 1.30210E-04  2.98000E+02  0.00000E+00
 1.36343E-04  2.98000E+02  0.00000E+00
 1.42712E-04  2.98000E+02  0.00000E+00
 1.49343E-04  2.98000E+02  0.00000E+00
 1.56245E-04  2.98000E+02  0.00000E+00
 1.63425E-04  2.98000E+02  0.00000E+00
 1.70910E-04  2.98000E+02  0.00000E+00
 1.78715E-04  2.98000E+02  0.00000E+00
 1.86842E-04  2.98000E+02  0.00000E+00
 1.95321E-04  2.98000E+02  0.00000E+00
 2.04176E-04  2.98000E+02  0.00000E+00
 2.13410E-04  2.98000E+02  0.00000E+00
 2.23057E-04  2.98000E+02  0.00000E+00
 2.33129E-04  2.98000E+02  0.00000E+00
 2.43674E-04  2.98000E+02  0.00000E+00
 2.54680E-04  2.98000E+02  0.00000E+00
 2.66198E-04  2.98000E+02  0.00000E+00
 2.78262E-04  2.98000E+02  0.00000E+00
 2.90906E-04  2.98000E+02  0.00000E+00
 3.04110E-04  2.98000E+02  0.00000E+00
 3.18001E-04  2.98000E+02  0.00000E+00
 3.32542E-04  2.98000E+02  0.00000E+00
 3.47796E-04  2.98000E+02  0.00000E+00
 3.63809E-04  2.98000E+02  0.00000E+00
 3.80664E-04  2.98000E+02  0.00000E+00
 3.98325E-04  2.98000E+02  0.00000E+00
 4.16945E-04  2.98000E+02  0.00000E+00
 4.36478E-04  2.98000E+02  0.00000E+00
 4.57142E-04  2.98000E+02  0.00000E+00
 4.78765E-04  2.98000E+02  0.00000E+00
 5.01647E-04  2.98000E+02  0.00000E+00
 5.25803E-04  2.98000E+02  0.00000E+00
 5.51548E-04  2.98000E+02  0.00000E+00
 5.78608E-04  2.98000E+02  0.00000E+00
 6.07624E-04  2.98000E+02  0.00000E+00
 6.38736E-04  2.98000E+02  0.00000E+00
 6.72496E-04  2.98000E+02  0.00000E+00
 7.08446E-04  2.98000E+02  0.00000E+00
 7.48085E-04  2.98000E+02  0.00000E+00
 7.91664E-04  2.98000E+02  0.00000E+00
 8.40278E-04  2.98000E+02  0.00000E+00
 8.95735E-04  2.98000E+02  0.00000E+00
 9.57369E-04  2.98000E+02  0.00000E+00
 1.00499E-03  2.98000E+02  0.00000E+00
 1.05966E-03  2.98000E+02  0.00000E+00
 1.12362E-03  2.98000E+02  0.00000E+00
 1.18315E-03  2.98000E+02  0.00000E+00
 1.24961E-03  2.98000E+02  0.00000E+00
 1.30049E-03  2.98000E+02  0.00000E+00
 1.34464E-03  2.98000E+02  0.00000E+00
 1.38608E-03  2.98000E+02  0.00000E+00
 1.42496E-03  2.98000E+02  0.00000E+00
 1.46052E-03  2.98000E+02  0.00000E+00
 1.49506E-03  2.98000E+02  0.00000E+00
 1.52879E-03  2.98000E+02  0.00000E+00
 1.56197E-03  2.98000E+02  0.00000E+00
 1.59477E-03  2.98000E+02  0.00000E+00
 1.62734E-03  2.98000E+02  0.00000E+00
 1.65928E-03  2.98000E+02  0.00000E+00
 1.69125E-03  2.98000E+02  0.00000E+00
 1.71830E-03  2.98000E+02  0.00000E+00
 1.75228E-03  2.98000E+02  0.00000E+00
 1.77953E-03  2.98000E+02  0.00000E+00
 1.81531E-03  2.98000E+02  0.00000E+00
 1.84532E-03  2.98000E+02  0.00000E+00
 1.87317E-03  2.98000E+02  0.00000E+00
 1.90695E-03  2.98000E+02  0.00000E+00
 1.94089E-03  2.98000E+02  0.00000E+00
 1.97502E-03  2.98000E+02  0.00000E+00
 2.00970E-03  2.98000E+02  0.00000E+00
 2.04498E-03  2.98000E+02  0.00000E+00
 2.08086E-03  2.98000E+02  0.00000E+00
 2.11749E-03  2.98000E+02  0.00000E+00
 2.15471E-03  2.98000E+02  0.00000E+00
 2.19297E-03  2.98000E+02  0.00000E+00
 2.23179E-03  2.98000E+02  0.00000E+00
 2.27179E-03  2.98000E+02  0.00000E+00
 2.31257E-03  2.98000E+02  0.00000E+00
 2.35455E-03  2.98000E+02  0.00000E+00
 2.39747E-03  2.98000E+02  0.00000E+00
 2.44182E-03  2.98000E+02  0.00000E+00
 2.48742E-03  2.98000E+02  0.00000E+00
 2.53397E-03  2.98000E+02  0.00000E+00
 2.58258E-03  2.98000E+02  0.00000E+00
 2.63270E-03  2.98000E+02  0.00000E+00
 2.68403E-03  2.98000E+02  0.00000E+00
 2.73726E-03  2.98000E+02  0.00000E+00
 2.79242E-03  2.98000E+02  0.00000E+00
 2.84979E-03  2.98000E+02  0.00000E+00
 2.90952E-03  2.98000E+02  0.00000E+00
 2.97179E-03  2.98000E+02  0.00000E+00
 3.03685E-03  2.98000E+02  0.00000E+00
 3.10495E-03  2.98000E+02  0.00000E+00
 3.17648E-03  2.98000E+02  0.00000E+00
 3.25177E-03  2.98000E+02  0.00000E+00
 3.33126E-03  2.98000E+02  0.00000E+00
 3.41560E-03  2.98000E+02  0.00000E+00
 3.50729E-03  2.98000E+02  0.00000E+00
 3.60294E-03  2.98000E+02  0.00000E+00
 3.70631E-03  2.98000E+02  0.00000E+00
 3.81832E-03  2.98000E+02  0.00000E+00
 3.93980E-03  2.98000E+02  0.00000E+00
 4.07336E-03  2.98000E+02  0.00000E+00
 4.22549E-03  2.98000E+02  0.00000E+00
 4.39402E-03  2.98000E+02  0.00000E+00
 4.59660E-03  2.98000E+02  0.00000E+00
 4.85552E-03  2.98000E+02  0.00000E+00
 5.18098E-03  2.98000E+02  0.00000E+00
 5.64685E-03  2.98000E+02  0.00000E+00
 6.30022E-03  2.98000E+02  0.00000E+00
 7.54363E-03  2.98000E+02  0.00000E+00
 2.13419E-02  2.98000E+02  0.00000E+00
 2.52340E+02  2.98000E+02  0.00000E+00
 1.00000E+03  2.98000E+02  0.00000E+00
 1.00000E+03  2.98000E+02  0.00000E+00
